domain,region_positions,domain_residues,num_residues_in_domain,start_position,end_position,length,residues,positions,pos_res_pairs,probabilities,cumulative_value,average_value
LepR_IgD,3;4;5;6;7,VIYFP,5,333,337,5,"['V', 'I', 'Y', 'F', 'P']","[333, 334, 335, 336, 337]","['333:V', '334:I', '335:Y', '336:F', '337:P']","332    0.311535
333    0.264895
334    0.323397
335    0.366909
336    0.310476
Name: Probabilities, dtype: float64",1.57721114,0.315442228
LepR_IgD,38;39;40;41;42;43;44,WWMNLAE,7,368,374,7,"['W', 'W', 'M', 'N', 'L', 'A', 'E']","[368, 369, 370, 371, 372, 373, 374]","['368:W', '369:W', '370:M', '371:N', '372:L', '373:A', '374:E']","367    0.285332
368    0.292355
369    0.283571
370    0.291868
371    0.405950
372    0.262467
373    0.264635
Name: Probabilities, dtype: float64",2.0861791899999997,0.2980255985714285
LepR_IgD,89;90;91;92;93;94,HHRYAE,6,419,424,6,"['H', 'H', 'R', 'Y', 'A', 'E']","[419, 420, 421, 422, 423, 424]","['419:H', '420:H', '421:R', '422:Y', '423:A', '424:E']","418    0.328506
419    0.318526
420    0.365601
421    0.299927
422    0.266334
423    0.263713
Name: Probabilities, dtype: float64",1.8426070300000001,0.3071011716666667
LepR_IgD,98;99,ID,2,428,434,7,"['I', 'D', 'V', 'N', 'I', 'N', 'I']","[428, 429, 430, 431, 432, 433, 434]","['428:I', '429:D', '430:V', '431:N', '432:I', '433:N', '434:I']","427    0.324956
428    0.279860
429    0.288783
430    0.277108
431    0.279541
432    0.283796
433    0.263510
Name: Probabilities, dtype: float64",1.99755488,0.28536498285714285
LepR_LCRH2,4;5;6;7;8;9;10;11;12;13,RSSLYCSDIP,10,468,477,10,"['R', 'S', 'S', 'L', 'Y', 'C', 'S', 'D', 'I', 'P']","[468, 469, 470, 471, 472, 473, 474, 475, 476, 477]","['468:R', '469:S', '470:S', '471:L', '472:Y', '473:C', '474:S', '475:D', '476:I', '477:P']","467    0.378513
468    0.308841
469    0.283125
470    0.387799
471    0.308390
472    0.379821
473    0.330190
474    0.262085
475    0.280405
476    0.291874
Name: Probabilities, dtype: float64",3.21104143,0.321104143
LepR_Lepbind,2;3;4;5;6;7;8;9;10;11,RSSLYCSDIP,10,468,477,10,"['R', 'S', 'S', 'L', 'Y', 'C', 'S', 'D', 'I', 'P']","[468, 469, 470, 471, 472, 473, 474, 475, 476, 477]","['468:R', '469:S', '470:S', '471:L', '472:Y', '473:C', '474:S', '475:D', '476:I', '477:P']","467    0.378513
468    0.308841
469    0.283125
470    0.387799
471    0.308390
472    0.379821
473    0.330190
474    0.262085
475    0.280405
476    0.291874
Name: Probabilities, dtype: float64",3.21104143,0.321104143
LepR_LCRH2,36;37;38;39;40;41;42;43;44;45;46,FQPIFLLSGYT,11,500,510,11,"['F', 'Q', 'P', 'I', 'F', 'L', 'L', 'S', 'G', 'Y', 'T']","[500, 501, 502, 503, 504, 505, 506, 507, 508, 509, 510]","['500:F', '501:Q', '502:P', '503:I', '504:F', '505:L', '506:L', '507:S', '508:G', '509:Y', '510:T']","499    0.265530
500    0.373932
501    0.321717
502    0.266357
503    0.415717
504    0.380049
505    0.401978
506    0.290081
507    0.369822
508    0.332742
509    0.315223
Name: Probabilities, dtype: float64",3.73314886,0.3393771690909091
LepR_LCRH2,58;59;60;61;62,LDSPP,5,522,526,5,"['L', 'D', 'S', 'P', 'P']","[522, 523, 524, 525, 526]","['522:L', '523:D', '524:S', '525:P', '526:P']","521    0.282444
522    0.293965
523    0.303179
524    0.293982
525    0.363300
Name: Probabilities, dtype: float64",1.5368710099999998,0.307374202
LepR_LCRH2,66;67;68;69;70,LPDSV,5,530,534,5,"['L', 'P', 'D', 'S', 'V']","[530, 531, 532, 533, 534]","['530:L', '531:P', '532:D', '533:S', '534:V']","529    0.454160
530    0.273957
531    0.307422
532    0.285852
533    0.271320
Name: Probabilities, dtype: float64",1.59271038,0.318542076
LepR_FNIII2,64;65;66;67;68;69;70,DLCAVYA,7,602,608,7,"['D', 'L', 'C', 'A', 'V', 'Y', 'A']","[602, 603, 604, 605, 606, 607, 608]","['602:D', '603:L', '604:C', '605:A', '606:V', '607:Y', '608:A']","601    0.309837
602    0.413562
603    0.335651
604    0.289687
605    0.460385
606    0.331350
607    0.299094
Name: Probabilities, dtype: float64",2.43956609,0.34850944142857143
LepR_LCRH2,138;139;140;141;142;143;144,DLCAVYA,7,602,608,7,"['D', 'L', 'C', 'A', 'V', 'Y', 'A']","[602, 603, 604, 605, 606, 607, 608]","['602:D', '603:L', '604:C', '605:A', '606:V', '607:Y', '608:A']","601    0.309837
602    0.413562
603    0.335651
604    0.289687
605    0.460385
606    0.331350
607    0.299094
Name: Probabilities, dtype: float64",2.43956609,0.34850944142857143
LepR_LFNIII,1;2;3;4;5,CAVYA,5,602,608,7,"['D', 'L', 'C', 'A', 'V', 'Y', 'A']","[602, 603, 604, 605, 606, 607, 608]","['602:D', '603:L', '604:C', '605:A', '606:V', '607:Y', '608:A']","601    0.309837
602    0.413562
603    0.335651
604    0.289687
605    0.460385
606    0.331350
607    0.299094
Name: Probabilities, dtype: float64",2.43956609,0.34850944142857143
LepR_FNIII2,94;95;96,VVM,3,632,636,5,"['V', 'V', 'M', 'D', 'I']","[632, 633, 634, 635, 636]","['632:V', '633:V', '634:M', '635:D', '636:I']","631    0.472484
632    0.314938
633    0.355013
634    0.355548
635    0.310187
Name: Probabilities, dtype: float64",1.8081697399999999,0.361633948
LepR_LFNIII,29;30;31;32;33,VVMDI,5,632,636,5,"['V', 'V', 'M', 'D', 'I']","[632, 633, 634, 635, 636]","['632:V', '633:V', '634:M', '635:D', '636:I']","631    0.472484
632    0.314938
633    0.355013
634    0.355548
635    0.310187
Name: Probabilities, dtype: float64",1.8081697399999999,0.361633948
LepR_FNIII3,6;7;8;9;10;11;12;13;14;15;16;17,EFWRIINGDTMK,12,644,655,12,"['E', 'F', 'W', 'R', 'I', 'I', 'N', 'G', 'D', 'T', 'M', 'K']","[644, 645, 646, 647, 648, 649, 650, 651, 652, 653, 654, 655]","['644:E', '645:F', '646:W', '647:R', '648:I', '649:I', '650:N', '651:G', '652:D', '653:T', '654:M', '655:K']","643    0.273099
644    0.302334
645    0.322366
646    0.351886
647    0.285251
648    0.304858
649    0.290986
650    0.281942
651    0.283441
652    0.309372
653    0.284331
654    0.272218
Name: Probabilities, dtype: float64",3.5620832700000005,0.29684027250000006
LepR_LFNIII,41;42;43;44;45;46;47;48;49;50;51;52,EFWRIINGDTMK,12,644,655,12,"['E', 'F', 'W', 'R', 'I', 'I', 'N', 'G', 'D', 'T', 'M', 'K']","[644, 645, 646, 647, 648, 649, 650, 651, 652, 653, 654, 655]","['644:E', '645:F', '646:W', '647:R', '648:I', '649:I', '650:N', '651:G', '652:D', '653:T', '654:M', '655:K']","643    0.273099
644    0.302334
645    0.322366
646    0.351886
647    0.285251
648    0.304858
649    0.290986
650    0.281942
651    0.283441
652    0.309372
653    0.284331
654    0.272218
Name: Probabilities, dtype: float64",3.5620832700000005,0.29684027250000006
LepR_FNIII3,52;53;54;55;56;57,TWSEDV,6,690,695,6,"['T', 'W', 'S', 'E', 'D', 'V']","[690, 691, 692, 693, 694, 695]","['690:T', '691:W', '692:S', '693:E', '694:D', '695:V']","689    0.283002
690    0.302422
691    0.276349
692    0.338893
693    0.304175
694    0.311505
Name: Probabilities, dtype: float64",1.81634577,0.30272429500000003
LepR_LFNIII,87;88;89;90;91;92,TWSEDV,6,690,695,6,"['T', 'W', 'S', 'E', 'D', 'V']","[690, 691, 692, 693, 694, 695]","['690:T', '691:W', '692:S', '693:E', '694:D', '695:V']","689    0.283002
690    0.302422
691    0.276349
692    0.338893
693    0.304175
694    0.311505
Name: Probabilities, dtype: float64",1.81634577,0.30272429500000003
LepR_FNIII3,64;65;66;67;68;69;70;71,TFLWTEQA,8,702,709,8,"['T', 'F', 'L', 'W', 'T', 'E', 'Q', 'A']","[702, 703, 704, 705, 706, 707, 708, 709]","['702:T', '703:F', '704:L', '705:W', '706:T', '707:E', '708:Q', '709:A']","701    0.326601
702    0.280922
703    0.345030
704    0.342912
705    0.309710
706    0.335582
707    0.284328
708    0.304515
Name: Probabilities, dtype: float64",2.52959967,0.31619995875
LepR_LFNIII,99;100;101;102;103;104;105;106,TFLWTEQA,8,702,709,8,"['T', 'F', 'L', 'W', 'T', 'E', 'Q', 'A']","[702, 703, 704, 705, 706, 707, 708, 709]","['702:T', '703:F', '704:L', '705:W', '706:T', '707:E', '708:Q', '709:A']","701    0.326601
702    0.280922
703    0.345030
704    0.342912
705    0.309710
706    0.335582
707    0.284328
708    0.304515
Name: Probabilities, dtype: float64",2.52959967,0.31619995875
LepR_FNIII3,79;80;81;82,INSI,4,717,720,4,"['I', 'N', 'S', 'I']","[717, 718, 719, 720]","['717:I', '718:N', '719:S', '720:I']","716    0.311596
717    0.276335
718    0.277393
719    0.274487
Name: Probabilities, dtype: float64",1.13981097,0.2849527425
LepR_LFNIII,114;115;116;117,INSI,4,717,720,4,"['I', 'N', 'S', 'I']","[717, 718, 719, 720]","['717:I', '718:N', '719:S', '720:I']","716    0.311596
717    0.276335
718    0.277393
719    0.274487
Name: Probabilities, dtype: float64",1.13981097,0.2849527425
LepR_FNIII3,94;95;96;97,SWPM,4,732,735,4,"['S', 'W', 'P', 'M']","[732, 733, 734, 735]","['732:S', '733:W', '734:P', '735:M']","731    0.331111
732    0.381819
733    0.307848
734    0.308860
Name: Probabilities, dtype: float64",1.3296384399999999,0.33240960999999997
LepR_LFNIII,129;130;131;132,SWPM,4,732,735,4,"['S', 'W', 'P', 'M']","[732, 733, 734, 735]","['732:S', '733:W', '734:P', '735:M']","731    0.331111
732    0.381819
733    0.307848
734    0.308860
Name: Probabilities, dtype: float64",1.3296384399999999,0.33240960999999997
LepR_FNIII4,10;11;12;13;14,LNSSC,5,749,753,5,"['L', 'N', 'S', 'S', 'C']","[749, 750, 751, 752, 753]","['749:L', '750:N', '751:S', '752:S', '753:C']","748    0.508384
749    0.312628
750    0.301640
751    0.271158
752    0.410057
Name: Probabilities, dtype: float64",1.8038666499999998,0.36077332999999995
LepR_LFNIII,146;147;148;149;150,LNSSC,5,749,753,5,"['L', 'N', 'S', 'S', 'C']","[749, 750, 751, 752, 753]","['749:L', '750:N', '751:S', '752:S', '753:C']","748    0.508384
749    0.312628
750    0.301640
751    0.271158
752    0.410057
Name: Probabilities, dtype: float64",1.8038666499999998,0.36077332999999995
LepR_FNIII4,25;26;27;28;29;30;31;32,DYKLMYFI,8,764,771,8,"['D', 'Y', 'K', 'L', 'M', 'Y', 'F', 'I']","[764, 765, 766, 767, 768, 769, 770, 771]","['764:D', '765:Y', '766:K', '767:L', '768:M', '769:Y', '770:F', '771:I']","763    0.267613
764    0.294143
765    0.328268
766    0.288361
767    0.304383
768    0.405918
769    0.265218
770    0.268782
Name: Probabilities, dtype: float64",2.42268552,0.30283569
LepR_FNIII4,46;47;48;49;50;51,WLRISS,6,785,790,6,"['W', 'L', 'R', 'I', 'S', 'S']","[785, 786, 787, 788, 789, 790]","['785:W', '786:L', '787:R', '788:I', '789:S', '790:S']","784    0.330630
785    0.367408
786    0.386770
787    0.264705
788    0.284088
789    0.317135
Name: Probabilities, dtype: float64",1.95073629,0.325122715
LepR_FNIII4,63;64;65;66;67;68,IPIEKY,6,802,807,6,"['I', 'P', 'I', 'E', 'K', 'Y']","[802, 803, 804, 805, 806, 807]","['802:I', '803:P', '804:I', '805:E', '806:K', '807:Y']","801    0.280102
802    0.290237
803    0.295506
804    0.264845
805    0.274846
806    0.285657
Name: Probabilities, dtype: float64",1.69119173,0.2818652883333333
LepR_FNIII4,75;76;77;78,IFME,4,814,817,4,"['I', 'F', 'M', 'E']","[814, 815, 816, 817]","['814:I', '815:F', '816:M', '817:E']","813    0.311845
814    0.353636
815    0.339681
816    0.304517
Name: Probabilities, dtype: float64",1.3096791,0.327419775
LepR_FNIII4,89;90;91;92;93;94,FTQDDI,6,828,850,23,"['F', 'T', 'Q', 'D', 'D', 'I', 'E', 'K', 'H', 'Q', 'S', 'D', 'A', 'G', 'L', 'Y', 'V', 'I', 'V', 'P', 'V', 'I', 'I']","[828, 829, 830, 831, 832, 833, 834, 835, 836, 837, 838, 839, 840, 841, 842, 843, 844, 845, 846, 847, 848, 849, 850]","['828:F', '829:T', '830:Q', '831:D', '832:D', '833:I', '834:E', '835:K', '836:H', '837:Q', '838:S', '839:D', '840:A', '841:G', '842:L', '843:Y', '844:V', '845:I', '846:V', '847:P', '848:V', '849:I', '850:I']","827    0.360490
828    0.335643
829    0.344407
830    0.312701
831    0.316889
832    0.338630
833    0.284024
834    0.297450
835    0.301263
836    0.384130
837    0.350355
838    0.422996
839    0.399523
840    0.415468
841    0.558001
842    0.393715
843    0.344343
844    0.351396
845    0.438274
846    0.298492
847    0.367679
848    0.266197
849    0.342769
Name: Probabilities, dtype: float64",8.22483693,0.3576016056521739
LepR_Box1,1;2;3;4;5;6;7;8,FWEDVPNP,8,864,878,15,"['H', 'Q', 'R', 'M', 'K', 'K', 'L', 'F', 'W', 'E', 'D', 'V', 'P', 'N', 'P']","[864, 865, 866, 867, 868, 869, 870, 871, 872, 873, 874, 875, 876, 877, 878]","['864:H', '865:Q', '866:R', '867:M', '868:K', '869:K', '870:L', '871:F', '872:W', '873:E', '874:D', '875:V', '876:P', '877:N', '878:P']","863    0.280010
864    0.338956
865    0.275158
866    0.401385
867    0.295217
868    0.306155
869    0.475634
870    0.389666
871    0.410492
872    0.353933
873    0.382675
874    0.364477
875    0.309028
876    0.296810
877    0.330382
Name: Probabilities, dtype: float64",5.20997968,0.34733197866666665
LepR_JAK2,1;2;3;4;5;6,ETFEHL,6,880,900,21,"['N', 'C', 'S', 'W', 'A', 'Q', 'G', 'L', 'N', 'F', 'Q', 'K', 'P', 'E', 'T', 'F', 'E', 'H', 'L', 'F', 'I']","[880, 881, 882, 883, 884, 885, 886, 887, 888, 889, 890, 891, 892, 893, 894, 895, 896, 897, 898, 899, 900]","['880:N', '881:C', '882:S', '883:W', '884:A', '885:Q', '886:G', '887:L', '888:N', '889:F', '890:Q', '891:K', '892:P', '893:E', '894:T', '895:F', '896:E', '897:H', '898:L', '899:F', '900:I']","879    0.327201
880    0.319760
881    0.291780
882    0.415355
883    0.291809
884    0.372998
885    0.292005
886    0.319556
887    0.288286
888    0.326161
889    0.304495
890    0.282997
891    0.303717
892    0.273776
893    0.325764
894    0.331203
895    0.334102
896    0.287957
897    0.376513
898    0.359436
899    0.289004
Name: Probabilities, dtype: float64",6.7138737399999995,0.3197082733333333
LepR_STAT3,1;2;3,LFI,3,880,900,21,"['N', 'C', 'S', 'W', 'A', 'Q', 'G', 'L', 'N', 'F', 'Q', 'K', 'P', 'E', 'T', 'F', 'E', 'H', 'L', 'F', 'I']","[880, 881, 882, 883, 884, 885, 886, 887, 888, 889, 890, 891, 892, 893, 894, 895, 896, 897, 898, 899, 900]","['880:N', '881:C', '882:S', '883:W', '884:A', '885:Q', '886:G', '887:L', '888:N', '889:F', '890:Q', '891:K', '892:P', '893:E', '894:T', '895:F', '896:E', '897:H', '898:L', '899:F', '900:I']","879    0.327201
880    0.319760
881    0.291780
882    0.415355
883    0.291809
884    0.372998
885    0.292005
886    0.319556
887    0.288286
888    0.326161
889    0.304495
890    0.282997
891    0.303717
892    0.273776
893    0.325764
894    0.331203
895    0.334102
896    0.287957
897    0.376513
898    0.359436
899    0.289004
Name: Probabilities, dtype: float64",6.7138737399999995,0.3197082733333333
LepR_STAT3,5;6;7;8;9,HTASV,5,902,906,5,"['H', 'T', 'A', 'S', 'V']","[902, 903, 904, 905, 906]","['902:H', '903:T', '904:A', '905:S', '906:V']","901    0.286520
902    0.333094
903    0.269466
904    0.348599
905    0.294404
Name: Probabilities, dtype: float64",1.53208295,0.30641659
